name: transrate
channels:
  - bioconda
  - conda-forge
dependencies:
  - _libgcc_mutex=0.1=conda_forge
  - _openmp_mutex=4.5=2_gnu
  - blast=2.2.31=pl526he19e7b1_5
  - boost=1.60.0=py27_3
  - bzip2=1.0.8=hda65f42_8
  - c-ares=1.34.5=hb9d3cd8_0
  - ca-certificates=2025.8.3=hbd8a1cb_0
  - certifi=2019.11.28=py27h8c360ce_1
  - curl=7.87.0=h6312ad2_0
  - entrez-direct=24.0=he881be0_0
  - gdbm=1.18=h0a1914f_2
  - gmp=6.3.0=hac33072_2
  - icu=56.1=4
  - keyutils=1.6.3=hb9d3cd8_0
  - krb5=1.20.1=hf9c8cef_0
  - ld_impl_linux-64=2.44=ha97dd6f_2
  - libasprintf=0.25.1=h3f43e3d_1
  - libcurl=7.87.0=h6312ad2_0
  - libedit=3.1.20250104=pl5321h7949ede_0
  - libev=4.33=hd590300_2
  - libffi=3.2.1=he1b5a44_1007
  - libgcc=15.1.0=h767d61c_5
  - libgcc-ng=15.1.0=h69a702a_5
  - libgettextpo=0.25.1=h3f43e3d_1
  - libgomp=15.1.0=h767d61c_5
  - libiconv=1.18=h3b78370_2
  - libidn2=2.3.8=ha4ef2c3_0
  - libnghttp2=1.51.0=hdcd2b5c_0
  - libsqlite=3.46.0=hde9e2c9_0
  - libssh2=1.10.0=haa6b8db_3
  - libstdcxx=15.1.0=h8f9b012_5
  - libstdcxx-ng=15.1.0=h4852527_5
  - libunistring=0.9.10=h7f98852_0
  - libzlib=1.2.13=h4ab18f5_6
  - ncurses=6.5=h2d0b736_3
  - openssl=1.1.1w=hd590300_0
  - pcre=8.45=h9c3ff4c_0
  - perl=5.26.2=h36c2ea0_1008
  - perl-archive-tar=2.32=pl526_0
  - perl-carp=1.38=pl526_3
  - perl-common-sense=3.74=pl526_2
  - perl-compress-raw-bzip2=2.087=pl526he1b5a44_0
  - perl-compress-raw-zlib=2.087=pl526hc9558a2_0
  - perl-exporter=5.72=pl526_1
  - perl-exporter-tiny=1.002001=pl526_0
  - perl-extutils-makemaker=7.36=pl526_1
  - perl-io-compress=2.087=pl526he1b5a44_0
  - perl-io-zlib=1.10=pl526_2
  - perl-json=4.02=pl526_0
  - perl-json-xs=2.34=pl526h6bb024c_3
  - perl-list-moreutils=0.428=pl526_1
  - perl-list-moreutils-xs=0.428=pl526_0
  - perl-pathtools=3.75=pl526h14c3975_1
  - perl-scalar-list-utils=1.52=pl526h516909a_0
  - perl-types-serialiser=1.0=pl526_2
  - perl-xsloader=0.24=pl526_0
  - pip=20.1.1=pyh9f0ad1d_0
  - python=2.7.15=h5a48372_1011_cpython
  - python_abi=2.7=1_cp27mu
  - rb-bundler=2.1.4=hd4c1694_0
  - readline=8.2=h8c095d6_2
  - ruby=2.5.7=he88a7e3_1
  - salmon=0.6.0=boost1.60_2
  - setuptools=44.0.0=py27_0
  - snap-aligner=1.0dev.96=hdcf5f25_3
  - sqlite=3.46.0=h6d4b2fc_0
  - tbb=2020.2=h4bd325d_4
  - tk=8.6.13=noxft_h4845f30_101
  - transrate=1.0.3=h031d066_5
  - transrate-tools=1.0.0=ha7703dc_8
  - wget=1.20.3=ha56f1ee_1
  - wheel=0.37.1=pyhd8ed1ab_0
  - yaml=0.2.5=h280c20c_3
  - zlib=1.2.13=h4ab18f5_6

prefix: "/home/jzhang/.local/share/mamba/envs/transrate"
